7 85 -65 -36
4 17 -37 -76
60 71 -8 -19
82 99 20 -59
56 11 50 -21
20 25 66 12
57 97 -67 -20
89 37 10 52
32 51 46 56
72 40 26 -80
65 23 1 91
74 9 -37 46
44 72 -89 96
49 34 67 1
16 83 11 -47
56 90 42 78
42 37 71 -34
64 16 -33 -50
70 21 -42 -90
31 81 20 -94
32 8 -5 -38
100 10 44 64
24 93 -90 63
45 20 -3 -31
13 18 -65 30
61 26 59 -79
30 67 -25 39
57 13 13 25
56 27 -38 -55
68 9 -92 -32
81 34 -54 97
65 40 -4 87
7 87 -10 -2
48 78 -8 -59
52 62 -17 -98
75 6 -79 -32
6 53 -82 -44
45 28 37 90
53 10 88 -77
21 35 -62 -36
25 61 12 44
23 96 54 1
76 43 -6 -35
20 47 -2 22
82 15 -83 47
45 71 -19 -11
87 35 -45 -68
81 101 14 -26
58 42 17 58
71 78 -9 -22
30 97 20 43
49 91 -13 -54
27 86 45 -42
26 0 45 -32
22 92 41 -48
95 11 22 -52
79 47 81 17
74 74 -46 5
65 100 21 -73
4 72 -6 73
24 43 -18 -51
56 58 53 -39
62 27 -12 70
43 77 -81 33
11 15 -6 29
60 7 59 71
86 79 94 55
57 29 -7 -6
62 39 -33 14
28 5 -77 26
5 49 -67 -5
10 33 -48 1
69 4 89 82
98 95 33 23
4 27 48 -71
3 24 -78 -38
54 2 68 20
69 14 30 59
39 29 92 -16
45 77 -55 -53
98 70 82 27
8 76 -4 -93
26 39 36 -6
96 88 -95 49
24 48 58 -97
71 67 -73 -16
50 89 67 9
93 3 -49 -89
4 24 -94 -44
28 16 45 -50
64 36 72 81
0 40 -10 -46
89 54 10 -30
16 99 78 -22
95 32 69 35
82 72 -42 -85
60 96 -88 -42
49 52 -76 -58
40 8 -30 -90
28 32 70 -27
93 14 12 -85
80 26 -7 -73
85 74 -49 -70
75 66 5 73
76 30 39 -85
35 32 46 17
89 36 72 -23
89 33 -61 52
8 4 74 71
92 102 -82 95
66 50 35 97
78 63 -61 -60
42 98 -39 39
39 83 -64 61
51 30 30 75
44 29 25 47
87 89 24 71
89 12 -87 -44
32 60 79 -24
96 21 31 -67
27 24 58 24
1 84 -23 -7
18 67 -35 79
35 51 71 97
54 51 -42 57
0 52 -87 80
20 79 -33 -85
89 101 -28 -95
70 22 -10 -56
57 22 29 -22
87 94 -21 35
80 15 95 32
70 89 -18 30
15 99 95 83
60 56 55 6
92 66 -91 -99
53 82 89 -65
20 100 24 -60
56 58 -67 97
7 79 2 -13
29 23 -47 30
94 26 94 87
42 22 -46 86
46 44 78 75
83 6 43 -32
84 2 -44 -89
22 82 -1 -39
49 80 -4 -13
77 93 -83 43
35 82 -89 -71
24 7 24 -32
98 64 13 -32
40 75 59 73
41 30 -5 -56
39 102 -73 25
31 40 58 -57
95 96 -58 18
51 64 -36 3
74 3 -63 7
16 67 66 -24
69 54 -96 91
17 62 -72 -64
9 57 3 -1
82 86 63 -81
37 24 21 -50
35 76 -29 -49
41 4 69 23
47 71 -88 32
97 51 65 -12
9 29 36 -33
19 101 66 20
18 19 -34 48
45 99 73 15
24 25 92 35
43 83 97 66
22 16 -73 -38
31 82 -5 60
67 3 78 -29
45 69 59 22
99 101 -82 66
96 88 -6 15
27 62 -56 51
80 78 -62 -99
76 88 -67 -26
74 15 64 53
77 25 37 -83
55 47 -30 -57
0 54 -32 -30
46 43 58 -12
66 66 -93 -97
5 14 -23 -10
60 3 -89 -30
69 38 9 -28
69 12 -25 -62
69 98 -8 83
59 32 -13 35
15 12 41 -62
32 71 -25 7
93 100 -49 -3
63 25 -20 -67
36 28 37 -56
44 54 46 -98
22 99 24 -95
33 8 -73 -78
10 68 74 10
84 92 74 70
76 9 34 -21
17 3 12 -51
76 1 77 72
89 76 -73 -23
74 94 64 -3
18 49 -14 68
40 90 -9 -48
60 47 47 58
9 37 -27 -28
66 84 72 66
11 57 62 -17
95 64 15 -69
55 8 46 94
8 92 -99 -24
63 36 -97 -29
38 24 46 -99
2 39 -82 63
66 45 5 29
34 9 64 -9
24 35 -56 81
24 90 -90 38
94 22 -86 78
98 55 15 69
23 40 -94 92
51 10 -11 -85
13 54 11 -30
6 37 -61 -40
0 71 -74 -71
79 32 -75 24
15 10 -35 -83
100 96 -57 32
6 65 -45 54
20 73 -56 10
4 102 41 63
17 19 -91 68
73 58 -79 91
96 57 -40 74
20 22 -9 -27
56 73 32 84
22 11 -56 -61
21 19 54 -68
81 24 -79 93
52 25 14 71
37 15 96 -45
13 31 41 -67
58 90 72 -94
90 4 10 -3
93 86 81 20
65 85 -8 -19
93 23 31 -50
26 87 42 21
73 1 31 -84
94 52 -40 -51
52 79 10 -46
52 81 63 32
85 18 -78 -21
40 1 12 -95
82 54 -36 -22
77 70 -71 -21
1 32 -66 -63
45 3 -68 -66
78 99 35 -84
13 18 -57 87
89 69 94 90
5 35 -19 -34
98 14 53 -84
52 78 38 10
84 47 -83 58
75 86 -79 -42
71 0 5 -71
30 87 62 -71
43 57 4 51
19 18 83 75
26 86 -77 -34
45 4 79 59
61 3 -7 86
96 77 -45 -37
86 26 -65 83
26 39 -77 35
9 10 -23 25
40 83 -8 48
44 10 -82 -66
20 84 -51 -93
42 67 71 78
40 21 -89 76
87 29 -63 75
90 82 32 56
30 18 79 -78
79 72 -62 -82
29 85 -18 26
49 48 -97 -86
29 27 -81 98
45 68 -72 22
67 34 -38 77
12 27 91 58
67 33 76 -79
81 38 -95 -97
70 3 -42 -20
45 42 -34 -17
98 70 27 73
26 33 24 12
71 21 -75 -84
16 84 7 95
86 93 -71 -69
28 72 -42 -90
87 90 -96 60
3 74 78 5
21 65 83 96
6 9 -49 45
43 11 -40 -42
77 14 21 43
44 61 -18 -4
80 19 -96 -32
13 84 20 50
23 2 70 -66
35 68 96 -47
51 34 59 -50
2 58 73 -12
30 26 -26 -22
79 57 70 50
33 46 -5 -63
99 91 -28 67
26 35 71 -78
80 93 -45 32
14 39 -91 -77
38 93 46 -15
20 93 -98 -14
98 12 -52 92
21 42 24 -91
14 9 70 -67
100 14 2 76
49 76 4 27
20 29 32 70
61 24 -88 24
45 85 -46 -65
59 28 9 30
2 62 -69 -63
77 17 -79 25
7 37 2 -92
93 44 91 -67
96 15 62 -76
62 29 8 -94
34 13 49 -21
93 60 -32 -93
92 42 78 68
9 72 91 27
32 86 58 72
48 19 -97 76
4 73 7 68
84 26 98 64
72 9 -79 -79
12 21 91 -4
37 74 16 -7
2 37 -61 -63
69 83 -27 -89
86 64 -32 68
9 16 -98 81
39 8 -4 -34
41 46 43 -8
16 9 -19 99
82 4 -45 48
81 95 18 54
11 75 86 62
60 86 25 14
63 54 89 -30
43 68 50 -18
51 17 -42 -16
85 70 52 16
20 91 -27 -36
78 36 -79 12
83 80 -3 -13
31 10 75 -78
42 2 41 -94
10 1 64 57
59 33 18 14
10 60 63 -69
92 47 65 -17
52 55 4 28
33 59 -73 33
46 70 33 -8
48 33 77 14
80 51 73 63
5 40 -6 -91
5 45 43 -92
66 24 -50 -33
10 36 -97 28
0 84 14 38
14 88 -40 -58
90 23 -43 -73
16 75 -73 -59
36 16 39 -43
45 51 79 -87
67 96 55 34
55 12 -42 -95
84 13 39 36
95 52 11 92
68 82 99 -19
36 102 75 -38
39 45 -85 -74
98 4 24 74
2 40 40 52
0 38 -78 53
4 34 27 -50
43 89 -93 55
21 78 78 -1
64 63 -25 21
12 63 -60 -46
83 3 -11 32
97 71 10 16
39 83 -20 10
9 27 -74 -67
84 25 75 -31
30 100 -64 8
37 96 21 32
1 66 78 62
93 75 -99 -58
75 99 -66 -84
57 49 87 28
53 28 73 -89
4 76 -44 96
38 95 -71 -66
48 73 -76 -59
3 40 -61 -23
98 91 -99 32
47 81 59 -19
40 95 71 -94
93 63 81 28
35 36 37 46
98 73 63 90
28 3 94 -15
43 96 20 38
42 70 -72 27
66 26 -33 -22
59 4 34 -3
68 91 67 -86
87 71 5 -41
43 45 62 79
79 86 -77 -96
39 22 54 -79
99 67 14 34
62 29 93 -62
85 99 35 -94
15 57 53 -46
35 43 -26 -58
23 66 66 -1
76 47 34 34
84 54 14 54
29 92 60 97
72 12 -84 36
6 65 -48 -81
43 24 -89 1
95 25 24 -78
34 86 7 67
90 5 -11 99
63 4 -60 99
17 45 -65 92
59 75 -37 -8
63 59 81 85
12 85 34 -83
45 48 84 26
29 5 12 70
57 94 -97 93
29 50 22 -57
57 3 50 -58
90 33 90 52
78 82 36 60
4 64 44 17
43 34 63 98
87 69 -13 -62
10 66 -15 38
21 70 7 84
65 52 -71 -80
3 76 -2 10
42 25 -19 59
20 100 -32 -84
44 0 -34 26
4 26 2 -17
84 17 -32 2
32 62 -26 73
21 66 -94 -44
51 54 -59 85
18 91 53 78
39 55 80 62
53 48 38 -86
79 84 -66 -2
33 24 4 -51
54 76 -17 27
15 55 -86 -29
26 64 50 -70
87 53 17 6
90 71 14 -70
42 74 -72 15
70 100 68 -88
25 98 -1 49