1 91 95
1 64 54
1 64 53
1 62 96
1 62 91
1 62 35
1 18 28
1 18 78
1 18 73
1 18 95
1 58 89
1 58 32
1 58 99
1 58 66
1 58 14
1 78 69
1 78 88
1 78 58
1 78 74
1 78 79
1 78 84
1 75 11
1 75 32
1 75 28
1 75 54
1 75 62
1 75 17
1 75 35
1 63 17
1 63 75
1 63 78
1 63 79
1 63 94
1 63 62
1 63 91
1 63 88
1 34 73
1 34 26
1 34 44
1 34 93
1 34 74
1 34 55
1 34 82
1 34 47
1 34 18
1 84 16
1 84 65
1 84 99
1 84 44
1 84 88
1 84 96
1 84 34
1 84 89
1 84 76
1 84 57
1 69 53
1 69 93
1 69 18
1 69 41
1 69 99
1 69 36
1 69 76
1 69 47
1 69 95
1 69 73
1 69 57
1 55 62
1 55 33
1 55 65
1 55 16
1 55 18
1 55 53
1 55 28
1 55 95
1 55 43
1 55 75
1 55 54
1 55 73
1 14 99
1 14 36
1 14 56
1 14 65
1 14 55
1 14 76
1 14 84
1 14 96
1 14 79
1 14 88
1 14 89
1 14 26
1 14 44
1 56 75
1 56 55
1 56 76
1 56 18
1 56 66
1 56 26
1 56 16
1 56 36
1 56 96
1 56 65
1 56 47
1 56 44
1 56 53
1 56 41
1 93 57
1 93 75
1 93 96
1 93 82
1 93 47
1 93 64
1 93 16
1 93 26
1 93 44
1 93 74
1 93 41
1 93 66
1 93 36
1 93 76
1 93 97
1 74 57
1 74 16
1 74 26
1 74 44
1 74 89
1 74 82
1 74 75
1 74 65
1 74 64
1 74 47
1 74 28
1 74 97
1 74 55
1 74 41
1 74 63
1 74 95
1 66 41
1 66 28
1 66 75
1 66 35
1 66 71
1 66 62
1 66 54
1 66 53
1 66 94
1 66 43
1 66 82
1 66 18
1 66 16
1 66 95
1 66 33
1 66 97
1 66 92
1 44 94
1 44 73
1 44 65
1 44 66
1 44 55
1 44 33
1 44 97
1 44 54
1 44 18
1 44 36
1 44 75
1 44 41
1 44 71
1 44 78
1 44 35
1 44 28
1 44 95
1 44 16
1 76 57
1 76 97
1 76 73
1 76 36
1 76 28
1 76 16
1 76 75
1 76 96
1 76 89
1 76 47
1 76 18
1 76 74
1 76 64
1 76 63
1 76 53
1 76 43
1 76 26
1 76 95
1 76 44
1 28 92
1 28 78
1 28 79
1 28 62
1 28 21
1 28 56
1 28 35
1 28 54
1 28 99
1 28 17
1 28 29
1 28 69
1 28 94
1 28 14
1 28 33
1 28 88
1 28 71
1 28 93
1 28 58
1 28 91
1 92 78
1 92 26
1 92 56
1 92 32
1 92 14
1 92 69
1 92 93
1 92 21
1 92 58
1 92 88
1 92 35
1 92 99
1 92 94
1 92 11
1 92 79
1 92 62
1 92 29
1 92 84
1 92 17
1 92 34
1 92 76
1 11 93
1 11 57
1 11 89
1 11 74
1 11 91
1 11 88
1 11 47
1 11 29
1 11 99
1 11 69
1 11 76
1 11 58
1 11 26
1 11 32
1 11 64
1 11 44
1 11 21
1 11 96
1 11 14
1 11 34
1 11 79
1 11 56
1 26 54
1 26 44
1 26 64
1 26 53
1 26 66
1 26 71
1 26 36
1 26 89
1 26 43
1 26 96
1 26 82
1 26 47
1 26 95
1 26 65
1 26 75
1 26 28
1 26 16
1 26 73
1 26 18
1 26 97
1 26 63
1 26 41
1 26 55
1 97 79
1 97 29
1 97 32
1 97 92
1 97 91
1 97 99
1 97 14
1 97 69
1 97 54
1 97 34
1 97 21
1 97 17
1 97 33
1 97 11
1 97 28
1 97 88
1 97 78
1 97 35
1 97 58
1 97 56
1 97 94
1 97 71
1 97 84
1 97 62
1 99 95
1 99 55
1 99 56
1 99 34
1 99 64
1 99 66
1 99 26
1 99 57
1 99 89
1 99 93
1 99 16
1 99 65
1 99 74
1 99 43
1 99 41
1 99 82
1 99 73
1 99 36
1 99 53
1 99 96
1 99 76
1 99 47
1 99 18
1 99 44
1 32 96
1 32 93
1 32 36
1 32 73
1 32 89
1 32 95
1 32 64
1 32 16
1 32 18
1 32 69
1 32 34
1 32 47
1 32 26
1 32 88
1 32 55
1 32 44
1 32 74
1 32 57
1 32 99
1 32 76
1 32 66
1 32 65
1 32 53
1 32 56
1 54 34
1 54 79
1 54 32
1 54 91
1 54 88
1 54 99
1 54 33
1 54 84
1 54 29
1 54 58
1 54 21
1 54 56
1 54 11
1 54 14
1 54 76
1 54 71
1 54 69
1 54 92
1 54 35
1 54 93
1 54 78
1 54 94
1 54 17
1 54 62
1 47 28
1 47 75
1 47 65
1 47 66
1 47 55
1 47 53
1 47 71
1 47 43
1 47 89
1 47 16
1 47 97
1 47 73
1 47 57
1 47 36
1 47 96
1 47 18
1 47 44
1 47 63
1 47 54
1 47 92
1 47 41
1 47 64
1 47 82
1 47 95
1 82 32
1 82 33
1 82 91
1 82 62
1 82 58
1 82 11
1 82 97
1 82 78
1 82 41
1 82 79
1 82 92
1 82 94
1 82 29
1 82 17
1 82 28
1 82 71
1 82 54
1 82 21
1 82 35
1 82 14
1 82 75
1 82 43
1 82 84
1 82 63
1 89 92
1 89 65
1 89 64
1 89 28
1 89 62
1 89 36
1 89 63
1 89 57
1 89 73
1 89 66
1 89 18
1 89 97
1 89 43
1 89 82
1 89 75
1 89 94
1 89 55
1 89 41
1 89 44
1 89 95
1 89 54
1 89 53
1 89 16
1 89 71
1 17 57
1 17 47
1 17 64
1 17 76
1 17 96
1 17 26
1 17 88
1 17 74
1 17 32
1 17 91
1 17 79
1 17 55
1 17 56
1 17 65
1 17 66
1 17 34
1 17 36
1 17 93
1 17 89
1 17 99
1 17 69
1 17 84
1 17 53
1 17 44
1 57 62
1 57 43
1 57 63
1 57 71
1 57 65
1 57 55
1 57 16
1 57 95
1 57 82
1 57 35
1 57 36
1 57 92
1 57 41
1 57 44
1 57 18
1 57 66
1 57 73
1 57 97
1 57 28
1 57 54
1 57 53
1 57 94
1 57 64
1 57 75
1 65 75
1 65 63
1 65 16
1 65 11
1 65 62
1 65 18
1 65 94
1 65 82
1 65 54
1 65 21
1 65 33
1 65 97
1 65 53
1 65 78
1 65 71
1 65 95
1 65 28
1 65 29
1 65 92
1 65 58
1 65 41
1 65 43
1 65 35
1 65 73
1 53 73
1 53 35
1 53 33
1 53 62
1 53 11
1 53 71
1 53 58
1 53 75
1 53 54
1 53 43
1 53 92
1 53 14
1 53 94
1 53 95
1 53 78
1 53 41
1 53 63
1 53 16
1 53 29
1 53 28
1 53 82
1 53 21
1 53 97
1 53 18
1 41 17
1 41 92
1 41 29
1 41 71
1 41 91
1 41 78
1 41 21
1 41 54
1 41 43
1 41 58
1 41 63
1 41 33
1 41 94
1 41 97
1 41 75
1 41 11
1 41 32
1 41 88
1 41 14
1 41 62
1 41 35
1 41 79
1 41 84
1 41 28
1 33 93
1 33 56
1 33 26
1 33 21
1 33 58
1 33 84
1 33 76
1 33 69
1 33 14
1 33 96
1 33 11
1 33 99
1 33 88
1 33 17
1 33 78
1 33 79
1 33 47
1 33 74
1 33 29
1 33 89
1 33 32
1 33 91
1 33 57
1 33 34
1 35 34
1 35 47
1 35 11
1 35 84
1 35 99
1 35 21
1 35 29
1 35 74
1 35 89
1 35 76
1 35 69
1 35 33
1 35 88
1 35 96
1 35 56
1 35 78
1 35 91
1 35 79
1 35 14
1 35 93
1 35 58
1 35 32
1 35 26
1 35 17
1 95 33
1 95 11
1 95 75
1 95 73
1 95 97
1 95 58
1 95 71
1 95 21
1 95 78
1 95 92
1 95 63
1 95 43
1 95 94
1 95 84
1 95 29
1 95 17
1 95 14
1 95 79
1 95 62
1 95 35
1 95 41
1 95 82
1 95 54
1 95 28
1 94 88
1 94 29
1 94 14
1 94 17
1 94 58
1 94 99
1 94 56
1 94 91
1 94 79
1 94 84
1 94 93
1 94 78
1 94 32
1 94 76
1 94 74
1 94 21
1 94 47
1 94 34
1 94 26
1 94 35
1 94 69
1 94 11
1 94 33
1 94 62
1 36 71
1 36 75
1 36 43
1 36 92
1 36 62
1 36 16
1 36 33
1 36 82
1 36 65
1 36 95
1 36 41
1 36 18
1 36 29
1 36 97
1 36 53
1 36 28
1 36 63
1 36 73
1 36 66
1 36 11
1 36 54
1 36 94
1 36 35
1 36 78
1 96 97
1 96 64
1 96 28
1 96 55
1 96 66
1 96 44
1 96 82
1 96 53
1 96 65
1 96 94
1 96 36
1 96 57
1 96 75
1 96 71
1 96 41
1 96 95
1 96 16
1 96 89
1 96 54
1 96 43
1 96 73
1 96 63
1 96 18
1 96 92
1 21 17
1 21 26
1 21 89
1 21 64
1 21 36
1 21 69
1 21 84
1 21 57
1 21 58
1 21 14
1 21 99
1 21 56
1 21 96
1 21 34
1 21 74
1 21 47
1 21 79
1 21 55
1 21 76
1 21 93
1 21 44
1 21 88
1 21 91
1 21 32
1 43 35
1 43 71
1 43 28
1 43 29
1 43 91
1 43 58
1 43 97
1 43 92
1 43 69
1 43 21
1 43 62
1 43 63
1 43 75
1 43 79
1 43 78
1 43 54
1 43 17
1 43 94
1 43 33
1 43 88
1 43 84
1 43 11
1 43 32
1 43 14
1 73 71
1 73 79
1 73 58
1 73 43
1 73 97
1 73 84
1 73 11
1 73 78
1 73 82
1 73 17
1 73 29
1 73 54
1 73 35
1 73 33
1 73 14
1 73 28
1 73 91
1 73 63
1 73 21
1 73 92
1 73 94
1 73 41
1 73 75
1 73 62
1 88 36
1 88 95
1 88 18
1 88 64
1 88 96
1 88 73
1 88 65
1 88 47
1 88 34
1 88 76
1 88 26
1 88 93
1 88 55
1 88 56
1 88 69
1 88 53
1 88 82
1 88 99
1 88 89
1 88 44
1 88 74
1 88 57
1 88 66
1 88 16
1 16 97
1 16 18
1 16 94
1 16 29
1 16 17
1 16 92
1 16 75
1 16 14
1 16 33
1 16 63
1 16 43
1 16 62
1 16 54
1 16 21
1 16 11
1 16 28
1 16 73
1 16 71
1 16 58
1 16 78
1 16 35
1 16 41
1 16 95
1 16 82
1 71 35
1 71 91
1 71 94
1 71 74
1 71 92
1 71 88
1 71 33
1 71 21
1 71 17
1 71 99
1 71 62
1 71 78
1 71 84
1 71 34
1 71 79
1 71 56
1 71 93
1 71 32
1 71 58
1 71 14
1 71 76
1 71 69
1 71 11
1 71 29
1 79 93
1 79 57
1 79 66
1 79 91
1 79 99
1 79 64
1 79 16
1 79 34
1 79 56
1 79 69
1 79 88
1 79 84
1 79 44
1 79 36
1 79 65
1 79 96
1 79 74
1 79 76
1 79 53
1 79 47
1 79 55
1 79 32
1 79 26
1 79 89
1 29 74
1 29 84
1 29 79
1 29 56
1 29 44
1 29 14
1 29 99
1 29 57
1 29 91
1 29 88
1 29 34
1 29 93
1 29 89
1 29 26
1 29 96
1 29 64
1 29 17
1 29 32
1 29 55
1 29 76
1 29 21
1 29 69
1 29 47
1 29 58
1 91 65
1 91 34
1 91 96
1 91 56
1 91 53
1 91 16
1 91 47
1 91 64
1 91 93
1 91 57
1 91 89
1 91 99
1 91 76
1 91 69
1 91 44
1 91 18
1 91 66
1 91 32
1 91 88
1 91 55
1 91 74
1 91 26
1 91 36
1 64 62
1 64 75
1 64 43
1 64 35
1 64 71
1 64 55
1 64 73
1 64 94
1 64 36
1 64 44
1 64 18
1 64 97
1 64 41
1 64 65
1 64 82
1 64 33
1 64 95
1 64 92
1 64 66
1 64 16
1 64 28
1 64 63
1 62 34
1 62 79
1 62 78
1 62 32
1 62 14
1 62 74
1 62 93
1 62 17
1 62 47
1 62 58
1 62 56
1 62 88
1 62 29
1 62 69
1 62 33
1 62 11
1 62 21
1 62 76
1 62 26
1 62 99
1 62 84
1 18 58
1 18 35
1 18 79
1 18 82
1 18 71
1 18 54
1 18 94
1 18 21
1 18 97
1 18 92
1 18 62
1 18 14
1 18 11
1 18 43
1 18 41
1 18 63
1 18 75
1 18 17
1 18 33
1 18 29
1 58 84
1 58 57
1 58 96
1 58 47
1 58 74
1 58 56
1 58 69
1 58 88
1 58 79
1 58 55
1 58 17
1 58 93
1 58 36
1 58 76
1 58 91
1 58 34
1 58 26
1 58 64
1 58 44
1 78 14
1 78 17
1 78 47
1 78 29
1 78 26
1 78 11
1 78 99
1 78 96
1 78 21
1 78 76
1 78 89
1 78 57
1 78 93
1 78 32
1 78 34
1 78 91
1 78 56
1 78 64
1 75 14
1 75 79
1 75 88
1 75 91
1 75 34
1 75 33
1 75 78
1 75 84
1 75 97
1 75 99
1 75 21
1 75 71
1 75 69
1 75 58
1 75 29
1 75 94
1 75 92
1 63 99
1 63 32
1 63 21
1 63 71
1 63 92
1 63 14
1 63 97
1 63 54
1 63 69
1 63 29
1 63 11
1 63 28
1 63 58
1 63 84
1 63 35
1 63 33
1 34 66
1 34 63
1 34 41
1 34 56
1 34 89
1 34 16
1 34 53
1 34 57
1 34 43
1 34 95
1 34 96
1 34 36
1 34 64
1 34 65
1 34 76
1 84 36
1 84 91
1 84 53
1 84 93
1 84 18
1 84 66
1 84 69
1 84 26
1 84 74
1 84 47
1 84 55
1 84 64
1 84 32
1 84 56
1 69 34
1 69 55
1 69 74
1 69 44
1 69 96
1 69 65
1 69 89
1 69 66
1 69 26
1 69 16
1 69 64
1 69 56
1 69 82
1 55 94
1 55 66
1 55 78
1 55 41
1 55 63
1 55 35
1 55 92
1 55 71
1 55 11
1 55 97
1 55 82
1 55 36
1 14 91
1 14 64
1 14 66
1 14 57
1 14 93
1 14 32
1 14 34
1 14 74
1 14 47
1 14 69
1 14 17
1 56 73
1 56 64
1 56 93
1 56 95
1 56 74
1 56 82
1 56 63
1 56 43
1 56 57
1 56 89
1 93 53
1 93 43
1 93 55
1 93 18
1 93 89
1 93 73
1 93 95
1 93 65
1 93 63
1 74 18
1 74 96
1 74 53
1 74 66
1 74 43
1 74 73
1 74 36
1 74 54
1 66 29
1 66 63
1 66 65
1 66 78
1 66 21
1 66 11
1 66 73
1 44 53
1 44 63
1 44 62
1 44 82
1 44 92
1 44 43
1 76 65
1 76 55
1 76 82
1 76 41
1 76 66
1 28 84
1 28 32
1 28 34
1 28 11
1 92 74
1 92 33
1 92 91
1 11 84
1 11 17
1 26 57

2 34 74 26 89 64 44 55 65 53 16 18 95 73 82 43
2 36 44 89 93 56 18 76 99 26 74 96 41 65
2 47 96 89 57 64 44 55 36 66 65 53 16 18 95 73 82 41 63 97 54 71
2 66 16 64 89 84 44 91
2 54 94 21 71 69 32 14
2 26 54 96 18 75 36 97 41 95 16 55
2 55 79 56 47 57 69 44 34 84 88 76 17 74 96 36 99 26 32 64 66 89 65 93
2 96 29 93 17 56 88 58 76 69 79 99 44 32 14 34 21 84 26 47
2 71 92 94 62 35 33 78 11 29 17 79 32 88 69 99 34 56 93 76
2 75 97 28 54 71 92 94 62 35 33 78 11 29 58 17 84 91 32 88 69 99
2 82 43 71 62 11 21 58
2 97 84 92 41 43 54 75 79 32 29 63
2 94 35 78 11 14 79 84 88 99 34 76
2 79 32 74 66 65 96 64 57 55 17 44 99 93 91 56 47 84 26 34 89 76 88 36
2 66 65 18 63 92
2 28 54 71 94 62 11 21 14 17 79 84 91 88 69 99 34 56
2 93 18 44 96 55 53 43 95 75 36 26 63 16
2 97 54 62 35 33 78 11 29 21 14 84 99 34
2 65 16 41 43 97 71 62
2 75 35 62 32 29 79 84 14 97 58 28 11 41
2 92 28 73 71 18 58 43 75 95 17 11
2 32 17 93 44 91 55 21
2 43 66 53 54 62 71 29
2 99 32 62 93 74 35 26 17 88 79 69 94 34
2 28 54 71 92 94 62 35 33 29 21 58 14 17 79 84 91 32 88 69 34 56
2 57 64 44 55 36 66 65 53 16 18 95 73 82 41 43 63 75 97 28 54 71 94 62
2 29 18 82 43 97 33 78 35 71 75 11 28 53 54 92 63 58 95 62 41 94 73 21
2 71 35 33 11 29 21 58 14 17 84 91 32 88 69 34 93 76
2 29 58 14 17 79 84 91 32 88 99 34 56 93 76 74 26 47 96 89 64 44
2 99 89 69 93 32 57 36 79 55 34 74 47 44 53 76 64 26
2 95 96 47 44 57 43 93 18 55 53 76 65 64 66 16 75 63 41 26 89 82
2 69 99 56 74 26 96 64 44 55 53 18 95 82
2 17 79 84 91 99 34 56 76 26 47 57 36 65
2 95 82 41 43 63 75 28 54 71 92 94 62 35 33 78 29 21 58 14 17 79
2 79 56 14 99 96 91 58 78 11 26 34 47 29
2 73 95 33 18 65 63 75 43 94 66 92 53 82 78 16 41 54
2 69 33 58 84 94 35 32 14 29 88 71 54 78 56 99 92 11 93 34 62 21
2 63 75 28 71 92 62 35 78 11 21 14 79 84 91 69
2 92 62 57 16 18 41 95 65 28
2 73 74 63 44 26 95 56 57 89 41 65 55 18
2 95 82 96 76 63 16 44 26 97 89 64 74 43 57 53
2 64 18 96 57 43 41 34
2 57 64 44 55 36 65 16 82 41 43 63 75 97 28 54 71 92 94 62
2 94 62 35 33 29 58 17 32 88
2 84 32 88 69 99 34 56 76 74 26 47 96 89 57 64 55 36 66 65 53 16
2 54 71 92 94 62 35 33 78 11 29 21 58 14 17 91 32 88 69 93
2 84 26 32 17 47 93 79 88 91 33 99 76 56 21 69 78 89 29 96
2 63 75 94 43 21 97 62 58 11 88 35 54 78 17 29 92 79
2 11 73 97 62 75 63 36
2 21 88 33 29 56 35 11 34 99 32 26 74 93 58 96 84 79 69 76 91 47
2 41 74 26 64 75 96 47 97 44 66 28
2 47 73 76 64 26 99 66 18 93 55 41 82 53 89 36 34 57 74 95
2 99 17 64 93 56 55 74 89 21 91 26 14 34 57 32
2 62 35 17 84 32 99 56 76 47
2 92 84 21 62 28 79 91
2 79 88 56 76 47 96 57
2 63 64 76 89 66 53 43 36 57 18 65 95 82 93 73 96 44
2 34 93 74 26 89 57 53 16 73
2 74 26 96 89 57 64 55 36 65 53 18 95 73 82 63 75 28
2 53 16 18 95 73 82 41 43 63 75 97 28 54 71 92 94 62 35 33 78 11 21 58
2 88 96 89 57 64 55 66 16 18
2 47 96 57 64 44 55 36 66 65 53 16 18 95 73 82 41 43 63 75 97 28 54 71
2 29 58 14 79 91 32 88 99 34 93 76 74 26 47 96 89 57 64 44
2 33 94 82 35 63 73 18
2 88 35 69 58 11 91 54 14 28 21 99 71 62 32 97 29 78 33 84 75 17
2 99 64 44 74 55 66 57 26 32 84 53 96 34 16 65
2 73 18 43 97 36 96 53 41 54 47 28 26 16 89 63
2 92 97 28 16 63 62 71 55 75 36 33 41 65
2 58 26 76 33 62 69 99 78 14 56 74 94 29 17 91 32 11
2 75 64 95 57 73 71 44 82 18 53 54 28 16 36 55 89 92 97 43 94 66
2 17 79 84 32 88 69 99 34 93 76 74 26 47 57 64 55 36 66 65
2 18 44 55 64 57 93 96 65 47 43 41 53 76 75 82
2 65 34 16 88 95 69 47 66 32 64 96 53 56 36 55 93 44
2 92 94 62 35 33 78 11 29 21 58 14 17 79 84 91 32 88 69 99 34 56 93 74
2 94 33 29 58 14 88 34 93 26
2 17 75 79 78 92 28 33 82 14 43 95 63 41
2 82 41 43 63 75 97 28 54 71 62 35 33 29 21 58 14 79 84 91
2 84 94 88 33 32 62 78 93 35 79 54 91 21 99 92 29 14
2 32 76 91 96 64 11 79
2 47 96 57 66 65 53 16 73 82 63 97 28 54
2 43 17 63 54 79
2 65 53 16 18 95 73 82 41 43 63 75 97 28 54 71 92 94 62 35 33 78 11 21
2 34 56 93 76 26 47 96 89 57 64 44 55 36 66 65 53 16 18 95 73 82 41 43
2 63 43 95 97 26 82 57 16 36 18 73 54 89 53 47 65 64
2 17 79 84 32 69 99 34 56 93 76 74 26 47 96 57 64 44 66 65
2 36 66 53 16 18 73 82 41 43 63 75 28 54 71 92 94 62 35 33 78 11
2 11 21 17 14 32 71 56 76 94
2 63 41 57 74 89 96 97
2 73 41 63 97 54 94 62 33 78 11 29 17 79
2 56 79 26 93 69 65 32 44 91 74 99 89 64 36 96 47 76 57 34
2 44 17 14 66 36 32 84 89 99 34 57 76 55 47 69 91 26
2 36 66 65 16 18 95 82 41 43 63 75 97 28 71 92 35 78
2 58 54 28 21 75 11 92
2 78 62 99 11 97 17 34 58 28 84 14
2 78 53 41 73 28 58 94 82 97
2 26 47 96 57 65 53 18 97 54
2 82 41 63 75 97 54 71 92 94 62 35 78 11 21 14 17 79 84 91
2 41 63 75 28 92 94 14 84 32
2 35 14 16 29 43 92 95 21 63
2 16 95 73 41 43 63 97 54 62 35 33 11 29 21 14
2 66 65 53 16 18 95 73 82 41 43 75 97 28 54 71 92 94 62 35 33 78 11 29
2 41 66 57 16 97 28 89 73 43 47 55 44 74 26 63 75 95
2 41 97 95 53 78 66 94 18 75 55 62 28 73
2 73 16 11 53 36 54 71 95 43 63 33 28 75 62 18 41 92
2 91 32 88 99 76 26 89 55 53
2 66 96 16 53 36 47 55 97 64 89 18 65 75 41 63
2 14 17 84 91 32 88 69 99 34 93 74 26 47 96 89 57 64 44 55 36 66
2 96 64 55 16 82 63 92
2 14 62 73 78 17 71 95 58 75 35 63 28 82 43 11 41 92 54 21 97 18 33 29
2 73 82 41 43 63 75 97 28 54 92 94 62 78 11 29 21 58 14 17 79 84
2 97 14 28 43 75 58 33 82 17 62 29 91 63 78 35
2 71 54 14 97 92 79 58 69 99 94 75
2 16 18 55 93 57 91 96 53 32 64 36 88 66
2 21 33 63 54 17 62 92 11 35 14 32 79 84
2 93 63 74 96 55 56 66 41 26 65 43
2 95 75 73 63 35 62 65 97 82 18 66 55 71 94 44 92 53 36 43 64 41
2 18 95 41 43 63 75 28 54 71 92 94 62 35 33 78 11 29 21 58 14 17
2 69 57 76 96 44 32 21 91 79 29 93
2 55 36 95 65 89 44 64 73 53 71 82 63 75 43 18 28 66
2 54 58 97 21 35
2 92 78 21 14 79 32 88 69 99 34 56 93 74
2 41 63 75 58 33 73 21 11 29
2 79 63 88 54 33 91 35 17 29 92 43 11 21
2 16 18 95 82 41 43 63 75 97 28 54 71 92 94 62 35 78 58 14
2 21 58 17 79 84 91 32 88 69 99 34 56 93 76 74 26 96 57 64 44 55
2 73 82 41 43 63 75 71 94 62 33 11 58 84
2 84 32 57 17 36 79 58 76 69
2 11 14 78 26 69 84 34 88 58 79 32
2 78 11 58 17 79 84 69 76 74 26 96 89 57
2 56 65 18 34 64 53 93 96 89 44 26 95 66 99 57
2 75 97 28 71 92 94 62 35 78 11 29 21 58 79 84 32 88 69 99
2 97 71 33 21 17 91 34
2 73 69 99 56 55 93 82 76 57 74 64 44 96 16 66 26 95 36 18
2 89 74 78 88 17 14 11 32 57 76 56 26 29 84 21
2 95 41 17 63 28 75 58 35 14 54 11 73 21 97 33
2 35 62 54 92 97 84 32
2 84 54 88 21 35 93 62
2 14 29 34 17 99 88 69 21 84 79 11 91 56 74 78 93 89 58 26 96 76 47 32
2 66 79 56 36 88 91 84 64 74 34 47 96 14
2 55 92 66 54 95 82 16 44 18 96 73 97 43 65 63
2 44 18 91 76 88 16 65 93 64 32 34 47 56 57 96 36 74 55 89
2 17 29 32 14 34 56 33 78 71
2 14 56 29 99 88 17 71 28 84
2 93 26 57 65 16 18 82 41 75
2 78 29 28 14 71 63 58 43 41 97 94 33 62 84 82 17 54 79 75 92 35 21 11
2 65 53 95 73 82 41 43 63 75 97 28 54 71 94 62 35 33 78 11 29 21
2 36 65 53 18 73 82 54 78 11
2 18 73 75 28 92 94 62 35 78 11 29 21 58 14 17
2 18 16 55 69 96 91 66 34 44
2 69 34 56 93 26 47 96 57 55 66 53 18 95 73 82
2 63 75 28 54 94 35 11 29 21 79 84 91 88
2 44 26 89 16 18 69 66 95 57 47 53 73 55 74 36 82 65 76 56 34 99 64 96
2 93 69 65 82 57 89 66 56 53 16 73 34 64 76 55 26 95 44 36 96 74
2 11 58 97 63 35 33 73 29 53 21 92
2 28 71 92 94 62 35 33 78 11 29 21 58 14 17 79 84 91 32 88 69 99 34 56
2 73 58 97 41 18 14 28 43 82 54 62 16 35
2 53 55 44 93 26 89 66 43 16 57 36 82 65 73 96 76 41 34 74 47 95
2 74 76 36 65 69 55 17
2 84 32 11 33 63 92 78 28 91 79 35 58 41 54 97 71 43
2 74 44 76 84 29 91 34 21 32 69 96 64 57
2 62 35 29 21 17 79 84 91 32 88 69 99 34 56 76 74 47
2 28 94 33 11 58 91 56
2 47 55 88 79 65 64 53
2 63 97 28 94 78 11 29 21 32 88 69
2 73 97 54 71 92 62 35 33 11 29 21 17 84
2 29 21 58 14 17 79 84 69 99 34 74 47 89 57 64
2 29 43 54 58 35 82 92 71 91 11 62 84 63 17 94
2 73 41 43 63 54 71 94 62 35 33 78 11 29 21 14 17 84
2 64 55 66 53 82 43 63 75 97 28 54 92 94 62 35
2 54 94 62 78 11 58 32
2 57 47 84 96 14 99 56 64 34 17 55 76 44 58 89 91 69 74 26 79 36
2 14 79 84 91 32 88 69 99 34 56 93 76 74 26 47 96 89 57 64 44 55 36 66
2 16 95 73 41 63 97 28 54 92 94 35 78 11 29 14
2 32 69 74 84 91 76 78 33 26 34 99 89 17 58 79 96 14
2 47 57 55 66 65 53 95 43 63 97 71
2 89 44 55 66 65 53 16 95 82 43 63 75 28 54 71 92 94
2 33 78 29 21 58 17 84 91 88 99 56 93 76 74 26 96 89
2 94 78 76 62 11 26 29 91 14 79 17 35 74 69 32 99 21 58 56
2 93 89 96 32 56 74 64 79 44 55 99
2 89 14 33 21 74 88 91 47 76 26 93
2 28 54 71 94 62 33 78 29 21 17 79 84 91 32 88 69 56
2 63 75 97 54 71 92 94 62 35 33 11 29 21 58 17 79 84 91 32 88 69
2 33 14 17 34 76
2 88 69 34 56 93 76 74 26 47 96 89 57 64 44 55 36 66 65 53 16 18 95 73
2 36 66 65 18 95 73 41 63 97 54 92 33 11
2 62 11 41 94 21 92 75 73 82 14 28
2 18 36 16 56 47 43 93 53 34 44 26 66 96 89 55 74 95 64 73
2 89 64 44 55 36 65 16 18 95 82 43 63 97 28 54 92 94
2 99 71 93 79 35 76 84 32 62 29 91 78 11 92 88 21 94 14 17 33 56 69 58
2 93 16 88 65 44 56 55 96 84 53 57
2 47 64 44 55 65 53 16 95 82 41 43 97 28 54 71
2 29 58 84 34 56 93 76 26 47 89 57 64 44
2 32 69 17 35 94 11 99 88 56 92 79 21 74 84 91
2 16 95 73 63 75 92 35 11 29 21 14
2 88 69 34 76 74 26 57 44 55 53 16 95 73
2 99 14 17 56 32 93 79 47 35
2 54 97 33 21 43 14 11 75 73 71 78 17 41
2 62 78 11 88 69
2 93 74 96 57 64 44 55 53 18 95 73 41 63
2 54 29 79 91 99 92 93