2 735 469
1 0
2 982 758
2 294 364
2 285 81
2 129 761
2 53 344
2 567 352
2 915 20
2 141 658
2 830 116
2 139 634
2 169 719
2 18 751
2 691 391
2 856 314
2 558 88
2 274 100
2 220 748
2 718 754
1 1
2 840 803
2 429 848
2 519 894
2 522 225
2 847 195
2 641 667
2 317 349
2 352 440
2 349 981
2 450 917
2 471 401
2 632 956
2 727 370
1 0
2 276 773
2 757 668
2 232 346
2 898 992
2 43 434
2 908 953
1 1
2 676 368
2 414 120
2 108 395
2 483 964
1 1
2 963 893
2 318 508
2 390 813
2 792 357
2 717 18
2 948 239
2 453 180
2 674 281
2 548 919
2 962 14
2 31 451
2 225 266
2 224 69
2 309 393
2 389 558
2 995 181
2 5 74
1 0
2 216 767
2 608 375
2 504 987
2 398 418
2 39 637
2 708 979
2 425 905
2 93 831
2 70 72
2 137 510
2 477 400
2 364 311
2 710 251
2 351 763
2 517 661
2 948 407
2 979 180
2 602 496
2 343 710
2 314 877
2 480 685
1 1
2 256 15
2 134 380
2 505 185
2 684 993
2 265 113
2 739 805
2 570 375
2 677 326
2 186 317
2 502 65
2 847 541
2 116 490
1 0
2 446 220
2 784 876
2 959 402
2 362 432
2 330 805
2 142 473
1 0
2 965 688
2 949 478
2 809 464
2 720 462
2 518 133
2 512 118
1 0
2 329 879
2 141 130
2 237 78
2 391 45
2 787 970
2 59 790
2 399 503
2 190 97
2 428 654
2 350 302
2 592 241
2 705 191
2 50 6
2 902 106
2 800 867
2 709 298
1 1
2 31 997
2 177 184
2 58 102
2 489 67
2 179 994
2 343 121
2 315 335
2 611 869
1 1
2 266 851
2 980 269
2 971 795
2 279 554
2 736 24
2 500 888
2 255 25
1 1
2 670 579
1 1
2 427 50
2 359 247
2 862 40
2 426 212
2 653 462
2 15 779
2 74 351
2 597 374
1 1
2 83 744
2 423 255
2 357 9
1 1
2 381 962
2 258 38
2 624 853
2 111 225
2 440 503
2 840 369
2 529 595
2 168 832
2 658 544
2 358 878
2 30 603
1 1
2 834 46
2 132 173
1 1
2 487 54
2 546 92
2 978 930
2 693 136
2 490 906
2 853 453
2 720 355
2 65 942
2 736 168
2 106 601
2 506 458
1 1
2 445 231
2 702 772
2 721 487
2 78 576
2 230 960
2 279 223
2 949 79
1 0
2 876 168
2 936 991
2 580 536
2 561 114
2 55 965
2 615 265
2 55 877
2 418 463
2 176 831
2 350 399
2 847 397
2 148 609
2 15 446
1 0
2 92 515
2 13 795
2 786 13
1 1
2 475 800
1 1
2 786 308
2 305 3
2 535 976
2 820 558
2 715 523
2 288 378
2 184 850
2 957 549
1 1
2 347 642
2 834 376
2 803 111
2 143 742
2 891 385
2 995 109
2 414 498
2 809 958
2 600 673
2 261 884
1 0
2 246 229
1 0
2 131 199
1 0
2 13 595
1 0
2 345 947
2 202 126
2 637 167
2 630 666
2 595 125
2 493 439
1 0
2 839 198
1 1
2 903 555
2 74 674
2 428 756
2 585 685
2 87 499
2 585 674
2 511 978
1 0
2 735 638
2 897 633
2 680 8
2 580 632
2 936 112
2 720 608
2 697 116
2 842 722
2 591 920
1 0
2 65 254
2 696 883
2 917 413
2 524 943
2 465 955
2 528 18
1 1
2 837 821
2 957 88
2 446 234
2 225 735
2 616 489
2 841 337
2 826 883
1 0
2 829 811
2 435 969
2 743 179
2 797 84
2 934 535
2 281 662
2 630 155
2 81 271
2 616 154
1 1
2 562 475
2 119 594
2 738 534
2 103 712
2 358 496
2 48 331
2 56 877
2 66 22
2 543 366
2 481 102
1 1
2 92 160
2 716 567
2 316 752
2 851 254
1 0
2 776 658
2 724 606
2 920 733
2 500 262
1 1
2 594 767
2 69 623
2 510 559
2 990 412
2 627 280
2 314 481
2 515 459
1 1
2 307 482
2 460 946
2 500 943
2 851 219
2 942 646
2 160 832
2 24 840
2 344 387
2 525 285
2 221 638
1 0
2 91 395
2 677 682
2 358 545
2 697 89
2 599 952
2 752 46
2 803 569
2 5 223
2 360 79
2 657 581
2 677 274
2 416 377
2 784 713
2 288 526
1 1
2 674 809
2 93 723
2 588 165
2 597 872
2 484 118
2 805 860
2 54 678
2 536 459
2 364 110
2 996 17
2 595 489
2 672 920
2 25 575
2 169 580
2 575 888
2 172 538
2 718 235
2 281 117
1 0
2 153 278
2 284 592
2 416 344
2 218 315
2 415 704
2 367 153
1 1
2 298 416
2 312 424
2 49 590
2 482 423
2 178 565
1 0
2 385 718
2 875 98
2 427 44
2 942 194
2 558 119
2 858 264
2 783 105
1 1
2 40 924
2 311 607
2 744 908
2 310 993
2 455 786
2 460 406
2 250 253
2 205 719
2 729 531
2 547 617
2 791 433
2 616 548
2 417 691
2 548 124
2 459 792
2 93 742
2 38 516
2 682 71
2 588 565
1 1
2 564 344
2 58 41
2 881 91
2 791 572
2 264 168
2 409 229
2 393 212
1 1
2 274 560
2 778 511
2 630 304
2 8 101
2 823 831
2 2 756
1 0
2 602 479
2 849 417
2 280 463
2 373 910
2 835 707
2 628 69
2 419 539
2 534 992
2 438 915
1 0
2 649 262
2 867 47
2 104 808
2 74 805
2 217 927
2 669 965
2 647 126
2 52 497
2 168 794
2 154 856
2 197 299
2 277 463
2 473 104
2 655 992
2 314 422
2 517 349
2 815 441
2 581 636
2 90 929
2 465 47
2 593 303
2 901 6
2 254 964
2 297 705
2 794 226
2 724 493
2 313 610
2 83 839
2 149 753
2 3 784
2 502 975
2 106 800
1 1
2 330 370
2 465 263
1 0
2 445 72
2 550 104
2 623 888
1 1
2 89 377
2 197 130
2 627 592
2 755 450
2 94 330
2 440 265
2 462 481
2 667 710
2 676 29
2 249 944
2 144 151
2 513 728
2 468 141
2 603 934
2 70 510
2 26 892
2 783 778
2 775 826
2 883 142
2 286 488
2 207 126
2 88 811
2 828 951
2 281 855
2 553 325
2 930 882
2 410 901
1 1
2 714 179
2 668 570
2 998 295
2 947 199
2 415 221
2 688 128
2 394 445
2 384 810
1 1
2 934 449
1 1
2 616 317
2 146 882
2 152 967
2 348 501
2 658 85
2 801 846
2 201 50
2 447 803
2 423 648
2 666 375
2 102 960
2 503 58
2 810 988
1 0
2 762 285
2 268 605
2 596 753
2 758 730
2 276 709
2 397 362
2 635 662
2 609 78
2 9 351
2 77 125
2 614 43
2 893 290
2 590 17
2 931 59
2 50 444
2 401 587
2 872 883
1 1
2 856 681
2 46 203
2 315 935
2 451 658
2 673 921
2 185 371
2 412 471
2 566 75
1 0
2 923 512
2 21 640
2 755 282
2 442 981
2 876 31
2 740 627
2 616 896
2 475 422
2 153 843
2 348 553
2 542 601
2 567 799
2 961 457
2 337 246
2 602 592
2 271 610
2 183 953
2 346 464
2 533 382
2 253 576
2 903 385
2 389 764
2 445 854
2 714 731
1 1
2 180 318
2 130 856
2 796 929
2 557 285
2 538 865
2 826 278
2 847 194
2 997 603
1 1
2 434 51
2 18 446
2 540 181
2 636 536
2 468 530
2 276 519
2 780 751
2 635 606
1 0
2 491 700
2 887 685
2 17 441
2 525 434
2 760 445
2 759 803
2 584 425
2 386 687
2 564 88
2 504 612
2 21 237
2 42 308
2 29 791
2 248 71
2 327 578
1 0
2 808 60
2 207 689
2 81 901
2 466 327
1 1
2 442 378
2 407 519
2 157 451
2 387 624
1 0
2 847 645
1 0
2 694 504
2 480 559
2 225 926
2 631 126
2 712 802
2 748 579
1 0
2 48 962
2 952 98
2 850 784
2 420 384
2 667 514
1 0
2 401 476
2 441 886
1 1
2 167 382
2 881 865
2 335 170
2 158 919
2 497 843
2 407 637
2 377 786
1 1
2 63 526
2 499 65
2 830 277
2 975 180
2 366 372
2 109 618
2 959 532
2 660 115
2 48 647
2 78 243
2 798 985
2 20 376
2 905 28
2 713 649
2 357 904
2 850 489
2 509 713
2 321 759
2 631 140
2 757 485
2 649 879
2 147 693
2 87 949
2 351 115
2 548 692
2 52 566
2 427 269
2 901 457
2 600 957
2 734 851
2 383 59
1 0
2 859 668
2 483 700
2 320 309
2 497 511
2 95 653
2 572 330
2 809 308
2 29 810
2 915 147
2 849 988
2 129 470
1 1
2 590 753
2 396 339
2 613 991
2 899 674
1 1
2 502 495
1 1
2 454 97
2 876 925
2 975 151
2 136 404
2 487 75
2 870 786
2 316 132
2 169 959
2 641 834
2 479 27
2 133 617
2 211 614
2 454 721
1 1
2 818 834
2 863 7
2 318 778
2 572 286
2 532 946
2 318 32
2 883 395
2 295 998
2 459 716
2 723 19
2 25 912
2 220 998
2 537 203
2 179 953
2 654 670
2 120 530
2 555 485
2 849 203
2 874 736
2 482 451
2 186 966
2 918 369
2 452 814
2 983 42
1 0
2 161 632
2 434 106
2 137 656
2 198 859
2 589 609
2 79 388
1 1
2 673 936
2 999 158
2 600 817
2 503 532
2 157 960
2 190 111
2 298 41
2 467 828
2 745 381
2 716 679
2 901 414
2 948 543
2 108 479
2 359 23
2 186 477
2 714 701
2 449 342
2 757 350
2 765 807
2 239 945
2 50 44
2 808 115
2 282 601
2 429 560
2 495 752
2 589 314
1 0
2 11 30
2 62 714
2 770 297
2 470 300
2 565 583
2 188 39
2 502 616
2 24 160
2 132 324
2 756 950
2 905 694
2 52 222
2 726 995
2 948 887
2 396 68
2 939 722
2 917 716
2 174 257
2 673 441
1 1
2 202 788
2 842 734
2 533 78
1 0
2 595 87
1 1
2 543 798
2 118 844
2 615 214
1 1
2 254 489
2 209 427
2 112 898
2 400 703
2 347 239
2 695 520
2 595 418
2 128 623
2 489 451
2 426 973
1 0
2 384 927
2 210 978