735 469
982 758
294 364
285 81
129 761
53 344
567 352
915 20
141 658
830 116
139 634
169 719
18 751
691 391
856 314
558 88
274 100
220 748
718 754
840 803
429 848
519 894
522 225
847 195
641 667
317 349
352 440
349 981
450 917
471 401
632 956
727 370
276 773
757 668
232 346
898 992
43 434
908 953
676 368
414 120
108 395
483 964
963 893
318 508
390 813
792 357
717 18
948 239
453 180
674 281
548 919
962 14
31 451
225 266
224 69
309 393
389 558
995 181
5 74
216 767
608 375
504 987
398 418
39 637
708 979
425 905
93 831
70 72
137 510
477 400
364 311
710 251
351 763
517 661
948 407
979 180
602 496
343 710
314 877
480 685
256 15
134 380
505 185
684 993
265 113
739 805
570 375
677 326
186 317
502 65
847 541
116 490
446 220
784 876
959 402
362 432
330 805
142 473
965 688
949 478
809 464
720 462
518 133
512 118
329 879
141 130
237 78
391 45
787 970
59 790
399 503
190 97
428 654
350 302
592 241
705 191
50 6
902 106
800 867
709 298
31 997
177 184
58 102
489 67
179 994
343 121
315 335
611 869
266 851
980 269
971 795
279 554
736 24
500 888
255 25
670 579
427 50
359 247
862 40
426 212
653 462
15 779
74 351
597 374
83 744
423 255
357 9
381 962
258 38
624 853
111 225
440 503
840 369
529 595
168 832
658 544
358 878
30 603
834 46
132 173
487 54
546 92
978 930
693 136
490 906
853 453
720 355
65 942
736 168
106 601
506 458
445 231
702 772
721 487
78 576
230 960
279 223
949 79
876 168
936 991
580 536
561 114
55 965
615 265
55 877
418 463
176 831
350 399
847 397
148 609
15 446
92 515
13 795
786 13
475 800
786 308
305 3
535 976
820 558
715 523
288 378
184 850
957 549
347 642
834 376
803 111
143 742
891 385
995 109
414 498
809 958
600 673
261 884
246 229
131 199
13 595
345 947
202 126
637 167
630 666
595 125
493 439
839 198
903 555
74 674
428 756
585 685
87 499
585 674
511 978
735 638
897 633
680 8
580 632
936 112
720 608
697 116
842 722
591 920
65 254
696 883
917 413
524 943
465 955
528 18
837 821
957 88
446 234
225 735
616 489
841 337
826 883
829 811
435 969
743 179
797 84
934 535
281 662
630 155
81 271
616 154
562 475
119 594
738 534
103 712
358 496
48 331
56 877
66 22
543 366
481 102
92 160
716 567
316 752
851 254
776 658
724 606
920 733
500 262
594 767
69 623
510 559
990 412
627 280
314 481
515 459
307 482
460 946
500 943
851 219
942 646
160 832
24 840
344 387
525 285
221 638
91 395
677 682
358 545
697 89
599 952
752 46
803 569
5 223
360 79
657 581
677 274
416 377
784 713
288 526
674 809
93 723
588 165
597 872
484 118
805 860
54 678
536 459
364 110
996 17
595 489
672 920
25 575
169 580
575 888
172 538
718 235
281 117
153 278
284 592
416 344
218 315
415 704
367 153
298 416
312 424
49 590
482 423
178 565
385 718
875 98
427 44
942 194
558 119
858 264
783 105
40 924
311 607
744 908
310 993
455 786
460 406
250 253
205 719
729 531
547 617
791 433
616 548
417 691
548 124
459 792
93 742
38 516
682 71
588 565
564 344
58 41
881 91
791 572
264 168
409 229
393 212
274 560
778 511
630 304
8 101
823 831
2 756
602 479
849 417
280 463
373 910
835 707
628 69
419 539
534 992
438 915
649 262
867 47
104 808
74 805
217 927
669 965
647 126
52 497
168 794
154 856
197 299
277 463
473 104
655 992
314 422
517 349
815 441
581 636
90 929
465 47
593 303
901 6
254 964
297 705
794 226
724 493
313 610
83 839
149 753
3 784
502 975
106 800
330 370
465 263
445 72
550 104
623 888
89 377
197 130
627 592
755 450
94 330
440 265
462 481
667 710
676 29
249 944
144 151
513 728
468 141
603 934
70 510
26 892
783 778
775 826
883 142
286 488
207 126
88 811
828 951
281 855
553 325
930 882
410 901
714 179
668 570
998 295
947 199
415 221
688 128
394 445
384 810
934 449
616 317
146 882
152 967
348 501
658 85
801 846
201 50
447 803
423 648
666 375
102 960
503 58
810 988
762 285
268 605
596 753
758 730
276 709
397 362
635 662
609 78
9 351
77 125
614 43
893 290
590 17
931 59
50 444
401 587
872 883
856 681
46 203
315 935
451 658
673 921
185 371
412 471
566 75
923 512
21 640
755 282
442 981
876 31
740 627
616 896
475 422
153 843
348 553
542 601
567 799
961 457
337 246
602 592
271 610
183 953
346 464
533 382
253 576
903 385
389 764
445 854
714 731
180 318
130 856
796 929
557 285
538 865
826 278
847 194
997 603
434 51
18 446
540 181
636 536
468 530
276 519
780 751
635 606
491 700
887 685
17 441
525 434
760 445
759 803
584 425
386 687
564 88
504 612
21 237
42 308
29 791
248 71
327 578
808 60
207 689
81 901
466 327
442 378
407 519
157 451
387 624
847 645
694 504
480 559
225 926
631 126
712 802
748 579
48 962
952 98
850 784
420 384
667 514
401 476
441 886
167 382
881 865
335 170
158 919
497 843
407 637
377 786
63 526
499 65
830 277
975 180
366 372
109 618
959 532
660 115
48 647
78 243
798 985
20 376
905 28
713 649
357 904
850 489
509 713
321 759
631 140
757 485
649 879
147 693
87 949
351 115
548 692
52 566
427 269
901 457
600 957
734 851
383 59
859 668
483 700
320 309
497 511
95 653
572 330
809 308
29 810
915 147
849 988
129 470
590 753
396 339
613 991
899 674
502 495
454 97
876 925
975 151
136 404
487 75
870 786
316 132
169 959
641 834
479 27
133 617
211 614
454 721
818 834
863 7
318 778
572 286
532 946
318 32
883 395
295 998
459 716
723 19
25 912
220 998
537 203
179 953
654 670
120 530
555 485
849 203
874 736
482 451
186 966
918 369
452 814
983 42
161 632
434 106
137 656
198 859
589 609
79 388
673 936
999 158
600 817
503 532
157 960
190 111
298 41
467 828
745 381
716 679
901 414
948 543
108 479
359 23
186 477
714 701
449 342
757 350
765 807
239 945
50 44
808 115
282 601
429 560
495 752
589 314
11 30
62 714
770 297
470 300
565 583
188 39
502 616
24 160
132 324
756 950
905 694
52 222
726 995
948 887
396 68
939 722
917 716
174 257
673 441
202 788
842 734
533 78
595 87
543 798
118 844
615 214
254 489
209 427
112 898
400 703
347 239
695 520
595 418
128 623
489 451
426 973
384 927
210 978